18
22
13
16
23
17
15
17
20
20
18
23
14
19
16
17
15
14
12
23
21
20
16
21
17
13
15
13
14
11
12
17
11
20
12
8
17
11
13
18
22
13
16
17
18
20
23
12
21
23
19
21
18
19
14
23
19
16
26
16
16
17
16
19
13
20
13
23
19
9
12
14
15
16
21
13
14
15
16
13
19
23
20
16
15
18
16
21
11
13
15
15
14
19
10
14
23
18
23
17
20
25
20
15
23
24
19
20
19
13
15
12
10
10
22
14
24
17
15
17
10
15
17
15
21
13
11
13
19
17
20
15
15
16
24
9
15
19
19
19
16
13
16
18
20
20
19
18
15
14
22
15
14
13
24
16
20
12
16
18
13
20
7
16
17
20
24
16
15
21
25
18
15
12
16
13
22
9
24
22
15
12
13
11
13
17
19
17
6
12
19
21
20
18
24
16
11
11
20
21
20
20
21
20
15
17
15
12
13
14
17
10
25
18
22
20
22
11
12
17
21
22
13
12
19
21
17
16
22
27
25
18
11
25
18
18
17
14
17
20
12
21
15
10
17
19
13
12
11
18
21
12
15
23
17
27
18
21
17
18
20
12
12
16
19
18
24
21
12
14
14
19
12
18
14
15
13
17
17
20
17
13
15
22
12
20
14
26
10
17
10
16
20
20
8
19
18
10
12
13
14
16
19
17
16
11
24
13
25
16
15
22
20
20
17
8
10
24
18
18
14
14
16
18
19
23
14
17
14
14
16
16
17
12
20
14
17
17
14
25
11
9
18
15
17
13
21
9
17
22
18
17
19
19
9
21
18
21
13
24
14
19
17
19
14
16
17
14
15
19
9
11
17
12
15
21
16
16
23
15
19
15
15
13
12
16
21
22
13
23
11
13
13
17
23
19
20
16
11
15
24
13
25
16
14
14
12
19
11
17
23
23
26
17
12
23
24
18
18
16
18
11
19
17
21
19
8
21
20
20
16
10
20
18
18
19
11
15
15
25
20
17
19
17
12
18
13
17
16
9
18
22
12
17
20
21
12
16
13
10
14
23
17
13
16
22
17
27
27
19
21
15
15
13
16
13
17
11
19
20
14
20
21
10
18
17
15
23
14
19
15
18
13
14
10
10
19
16
20
14
12
17
15
15
14
21
18
15
20
23
20
13
20
18
17
17
14
13
15
16
19
20
16
8
12
17
19
15
25
16
20
18
10
19
15
15
17
18
14
18
16
21
20
17
15
15
17
17
17
20
19
21
15
18
12
11
20
19
11
20
13
16
12
12
17
15
20
13
16
9
19
23
21
23
16
14
18
15
21
16
19
19
18
17
17
7
9
21
11
19
17
15
10
18
17
18
15
